Size BST-Insert BST-Find AVL-Insert ABL-Find
100 18338 841 55270 764
200 36717 1683 110231 1520
300 54762 2526 165206 2279
400 72935 3365 220260 3042
500 90987 4205 275244 3797
600 109079 5050 330251 4556
700 127178 5892 385297 5314
800 145276 6733 440213 6067
900 163271 7574 495136 6827
1000 181242 8413 550593 7582
1500 199268 9254 605475 8341
2000 217251 10096 660651 9100
2500 235222 10935 715712 9857
3000 253412 11785 771097 10615
3500 271168 12619 825407 11359
4000 288853 13441 879577 12103
4500 306555 14267 933516 12838
5000 324248 15091 987866 13575
5500 342057 15918 1042429 14314
6000 359801 16745 1096638 15049
6500 377559 17566 1150618 15789
7000 395373 18392 1204996 16537
7500 413107 19211 1259157 17278
8000 430820 20037 1313059 18016
8500 459411 21020 1399409 19073
9000 484092 22972 1482607 20000
9500 510054 23979 1557919 21381
10000 539545 24941 1650334 22328
11000 588246 26983 1778130 25568
12000 619689 28176 1879736 27224
13000 638335 29090 1937235 28009
14000 656335 29927 1992089 28760
15000 674179 30755 2047005 29510
16000 691970 31578 2101192 30251
17000 709746 32406 2155235 30991
18000 727436 33231 2209355 31734
19000 745175 34063 2263485 32473
20000 762898 34895 2317699 33217
21000 780594 35724 2371719 33959
22000 798668 36552 2426256 34699
23000 816341 37380 2480263 35438
24000 834229 38207 2534989 36186
25000 851889 39029 2589034 36920
26000 869881 39853 2643879 37668
27000 887618 40683 2697982 38411
28000 905339 41505 2752102 39150
29000 923022 42322 2806124 39890
30000 940732 43147 2860272 40627
31000 958434 43967 2914224 41367
32000 977562 44867 2972551 42299
33000 997336 46210 3036600 43347
34000 1015681 47134 3093221 44114
35000 1033382 47965 3147761 44837
36000 1053399 48817 3204722 45612
37000 1072045 49828 3263301 46509
38000 1089742 50657 3317527 47252
39000 1107639 51568 3372531 48008
40000 1125366 52438 3426669 48752
41000 1143013 53258 3480730 49491
42000 1160684 54078 3534712 50236
43000 1178359 54897 3588923 50975
44000 1196060 55716 3643122 51717
45000 1213783 56539 3697115 52459
46000 1231608 57356 3751486 53203
47000 1249305 58171 3805897 53943
48000 1267011 58997 3860157 54683
49000 1284732 59820 3914628 55422
50000 1302795 60655 3969190 56168
51000 1320994 61495 4024292 56922
52000 1339059 62337 4079500 57683
53000 1357283 63185 4134847 58440
54000 1375333 64030 4190338 59200
55000 1393138 64863 4245019 59945
56000 1410869 65686 4299491 60691
57000 1428736 66509 4353671 61433
58000 1446754 67337 4407810 62181
59000 1464563 68159 4461812 62921
60000 1482395 68992 4515986 63666
61000 1500129 69817 4570196 64410
62000 1518065 70638 4624554 65153
63000 1535785 71459 4678850 65895
64000 1554053 72287 4734123 66654
65000 1572273 73127 4789381 67409
66000 1590355 73956 4844725 68159
67000 1608402 74787 4900036 68968
68000 1626487 75624 4955083 69703
69000 1644543 76474 5010192 70441
70000 1662550 77329 5066706 71213
71000 1680563 78154 5121370 71963
72000 1698276 78975 5175344 72706
73000 1715983 79797 5229297 73446
74000 1733985 80628 5284049 74195
75000 1752125 81466 5339082 74949
76000 1770165 82304 5394163 75707
77000 1788426 83141 5449191 76463
78000 1806454 83976 5504494 77218
79000 1824732 84811 5559712 77977
80000 1842754 85641 5614853 78728
81000 1860857 86474 5670045 79486
82000 1878898 87313 5725365 80238
83000 1897034 88149 5780470 80996
84000 1915093 88987 5835768 81755
85000 1933174 89823 5890762 82513
86000 1951210 90664 5946418 83269
87000 1969400 91501 6001342 84025
88000 1987627 92345 6056914 84783
89000 2005635 93189 6112103 85538
90000 2023658 94036 6167189 86293
91000 2041679 94879 6222138 87043
92000 2059726 95723 6277218 87806
93000 2077728 96565 6332143 88561
94000 2095971 97405 6387451 89317
95000 2113982 98245 6442455 90070
96000 2132038 99084 6497502 90824
97000 2150181 99925 6552444 91583
98000 2168223 100767 6607382 92335
99000 2186232 101606 6662391 93090
100000 2204243 102449 6717455 93840
101000 2222307 103290 6772626 94596
102000 2240375 104132 6827713 95354
103000 2258426 104971 6882685 96107
104000 2276439 105811 6937679 96859
105000 2294451 106646 6992631 97615
106000 2312472 107490 7047560 98372
107000 2330486 108333 7102584 99126
108000 2348522 109175 7157691 99882
109000 2366630 110018 7213306 100638
110000 2384685 110861 7268321 101393
111000 2402708 111701 7323368 102146
112000 2420718 112544 7378268 102902
113000 2438779 113387 7433425 103658
114000 2456786 114229 7488379 104415
115000 2474815 115070 7543341 105168
116000 2492935 115916 7598496 105921
117000 2510957 116754 7653725 106681
118000 2528765 117589 7707766 107414
119000 2546485 118414 7762128 108157
120000 2564175 119232 7815938 108895
121000 2581964 120057 7870025 109634
122000 2599634 120879 7924012 110374
123000 2617280 121695 7978014 111112
124000 2634959 122516 8032181 111846
125000 2652800 123593 8088648 112581
126000 2670456 124414 8142701 113318
127000 2688133 125229 8196524 114055
128000 2705772 126094 8250304 114791
129000 2723408 126910 8304181 115516
130000 2741062 127730 8358091 116238
131000 2758716 128551 8411969 116959
132000 2776353 129384 8466419 117679
133000 2794036 130199 8520372 118396
134000 2811679 131020 8574243 119118
135000 2829369 131835 8628199 119837
136000 2847043 132656 8681984 120555
137000 2864716 133477 8735803 121269
138000 2882358 134296 8789687 121988
139000 2899996 135114 8843548 122701
140000 2917659 135934 8897480 123424
141000 2935375 136752 8951944 124148
142000 2953073 137573 9005805 124864
143000 2970733 138394 9059639 125587
144000 2988434 139213 9113601 126305
145000 3006184 140030 9167711 127021
146000 3023923 140853 9222384 127741
147000 3041674 141672 9276499 128467
148000 3059448 142489 9330528 129194
149000 3077099 143305 9384285 129931
150000 3095021 144127 9439249 130677
151000 3113031 144947 9494068 131468
152000 3130734 145765 9548106 132208
153000 3148375 146583 9602011 132942
154000 3166036 147407 9655899 133683
155000 3183704 148227 9709941 134418
156000 3201382 149042 9763863 135157
157000 3219025 149860 9817739 135895
158000 3236660 150681 9871631 136632
159000 3254312 151501 9925506 137372
160000 3271981 152319 9979475 138112
161000 3289630 153139 10033373 138844
162000 3307267 153972 10087260 139579
163000 3324904 154796 10141551 140313
164000 3342546 155614 10195454 141049
165000 3360216 156441 10249458 141790
166000 3377866 157259 10303395 142531
167000 3395554 158076 10357225 143266
168000 3413212 158898 10411111 144001
169000 3430873 159714 10465026 144741
170000 3448514 160536 10518974 145481
171000 3466154 161348 10573470 146219
172000 3483949 162173 10627536 146956
173000 3501632 163000 10681602 147697
174000 3519359 163822 10735500 148440
175000 3537054 164644 10789779 149173
176000 3554692 165472 10843764 149898
177000 3572368 166290 10897673 150634
178000 3590056 167111 10951467 151375
179000 3607754 167926 11005459 152111
180000 3625400 168743 11059274 152897
181000 3643137 169559 11113074 153636
182000 3660768 170375 11166915 154376
183000 3678408 171198 11220828 155112
184000 3696348 172015 11274968 155849
185000 3714145 172830 11329028 156591
186000 3731853 173648 11383222 157330
187000 3749525 174466 11437187 158067
188000 3767197 175286 11491153 158802
189000 3784877 176101 11544994 159543
190000 3802530 176914 11598927 160279
191000 3820222 177732 11652812 161017
192000 3837890 178547 11706814 161756
193000 3855524 179374 11760680 162491
194000 3873178 180189 11814597 163234
195000 3890837 181008 11868457 163980
196000 3908514 181830 11922354 164716
197000 3926154 182650 11976216 165456
198000 3943815 183473 12030156 166195
199000 3961540 184298 12084136 166934
200000 3979313 185126 12138286 167655
201000 3997016 185953 12192194 168379
202000 4014786 186784 12246314 169104
203000 4032523 187609 12300372 169823
204000 4050229 188429 12354246 170560
205000 4068012 189253 12408064 171293
206000 4085731 190072 12461841 172029
207000 4103444 190885 12515690 172770
208000 4121133 191709 12569525 173510
209000 4138853 192529 12623394 174248
210000 4156540 193870 12677276 174989
211000 4174302 194691 12731421 175730
212000 4191993 195512 12785263 176464
213000 4209776 196334 12839081 177204
214000 4227553 197155 12892932 177946
215000 4245321 197974 12946813 178684
216000 4263066 198801 13000701 179426
217000 4280784 199617 13054897 180165
218000 4298495 200436 13108801 180904
219000 4316221 201255 13163007 181648
220000 4333951 202077 13217103 182386
221000 4351670 202900 13271192 183125
222000 4369448 203720 13325592 183869
223000 4387204 204539 13379971 184610
224000 4404933 205357 13433924 185352
225000 4422659 206177 13487833 186090
226000 4440387 206995 13541778 186828
227000 4458131 207816 13595553 187566
228000 4475895 208639 13649368 188309
229000 4493616 209454 13703108 189050
230000 4511349 210272 13757095 189791
231000 4529120 211094 13810953 190530
232000 4546846 211924 13865209 191278
233000 4564535 212748 13919638 192018
234000 4582343 213579 13973858 192761
235000 4600055 214402 14027768 193501
236000 4617796 215226 14082100 194245
237000 4635555 216048 14136451 194989
238000 4653553 216883 14191598 195738
239000 4671638 217725 14247351 196496
240000 4690237 218568 14302934 197252
241000 4707855 219395 14356772 197989
242000 4725487 220218 14410744 198726
243000 4743115 221041 14464651 199463
244000 4762002 221865 14520754 200204
245000 4780363 222684 14574634 200941
246000 4798037 223503 14628612 201675
247000 4816011 224335 14683511 202426
248000 4834000 225165 14738672 203177
249000 4851995 226004 14793447 203927
250000 4869968 226840 14848271 204681
