Size BST-Insert BST-Find AVL-Insert ABL-Find
100 76590 2849 57088 805
200 153627 5712 114681 1597
300 229717 8565 171624 2384
400 305947 11391 228473 3164
500 383472 14339 286491 3968
600 459467 17195 343227 4754
700 535393 20088 400018 5536
800 611898 22963 457238 6320
900 688092 25844 514042 7097
1000 764386 28687 570848 7877
1500 840521 31552 627857 8668
2000 916766 34389 684739 9453
2500 992930 37258 741628 10240
3000 1071433 40097 800297 11025
3500 1147592 42929 857274 11808
4000 1223908 45783 914306 12593
4500 1300083 48615 971186 13419
5000 1376132 51485 1028372 14199
5500 1453366 54381 1086102 14990
6000 1529428 57228 1142882 15774
6500 1606807 60094 1200613 16560
7000 1683689 62993 1258593 17350
7500 1760132 65833 1315476 18142
8000 1836253 68686 1372460 18926
8500 1912357 71508 1429161 19816
9000 1988751 74373 1485986 20585
9500 2064843 77244 1542830 21354
10000 2141482 80078 1599813 22138
11000 2217475 82908 1656605 22923
12000 2293461 85720 1713308 23716
13000 2369597 88571 1770104 24503
14000 2445628 91404 1826853 25290
15000 2521765 94266 1883627 26076
16000 2597801 97132 1940388 26858
17000 2674186 99973 1997166 27647
18000 2750377 102836 2053899 28432
19000 2826802 105687 2110755 29218
20000 2903092 108536 2167753 30003
21000 2979302 111373 2224603 30788
22000 3055544 114183 2281338 31571
23000 3131675 117018 2338125 32360
24000 3208035 119873 2395043 33145
25000 3284143 122697 2451770 33915
26000 3360421 125574 2508542 34689
27000 3436750 128437 2565592 35472
28000 3512969 131254 2622361 36265
29000 3589114 134069 2678903 37045
30000 3665244 136936 2735563 37828
31000 3741524 139783 2792811 38614
32000 3817893 142627 2850016 39397
33000 3893975 145475 2906763 40196
34000 3970152 148291 2963386 40958
35000 4046493 151154 3020251 41731
36000 4122584 154010 3076974 42497
37000 4198574 156859 3133796 43266
38000 4275003 159716 3190538 44034
39000 4350993 162574 3247237 44800
40000 4427065 165430 3304407 45575
41000 4503077 168260 3361296 46360
42000 4579106 171096 3418139 47140
43000 4655162 173936 3474797 47921
44000 4731611 176760 3531651 48703
45000 4807620 179598 3588341 49484
46000 4883804 182443 3645077 50263
47000 4960284 185296 3701952 51025
48000 5036899 188099 3758861 51798
49000 5113248 190911 3816193 52565
50000 5189919 193711 3873090 53326
51000 5266285 196545 3930098 54084
52000 5343439 199410 3987796 54853
53000 5420463 202329 4045589 55619
54000 5497793 205256 4103648 56400
55000 5574879 208161 4161015 57169
56000 5651700 211023 4218462 57938
57000 5729224 213938 4276854 58716
58000 5805922 216861 4334500 59493
59000 5881967 219783 4391246 60278
60000 5958187 222647 4448291 61058
61000 6034340 225496 4505067 61841
62000 6110589 228339 4562048 62620
63000 6186664 231178 4618775 63387
64000 6265497 234028 4677287 64160
65000 6342504 236856 4734500 64950
66000 6419279 239671 4792325 65739
67000 6495384 242533 4849038 66523
68000 6571709 245366 4905892 67309
69000 6649265 248261 4963785 68109
70000 6726094 251119 5021078 68901
71000 6802492 253988 5078304 69689
72000 6878592 256818 5135026 70469
73000 6954679 259645 5191799 71252
74000 7031333 262506 5248779 72040
75000 7109697 265423 5306896 72832
76000 7186891 268328 5364372 73623
77000 7263815 271216 5421819 74415
78000 7339960 274047 5478712 75195
79000 7417590 276887 5536240 75993
80000 7495556 279778 5594070 76796
81000 7572967 282659 5651639 77593
82000 7649688 285481 5708836 78385
83000 7727035 288359 5766487 79177
84000 7804178 291208 5824027 79977
85000 7881299 294044 5881337 80773
86000 7957854 296897 5938584 81569
87000 8034590 299759 5995912 82352
88000 8111913 302667 6053819 83147
89000 8189095 305560 6111472 83938
90000 8265582 308380 6168684 84733
91000 8342747 311229 6226055 85530
92000 8419488 314112 6284015 86329
93000 8496080 316950 6341062 87117
94000 8572181 319796 6397946 87902
95000 8648374 322604 6454712 88689
96000 8724592 325434 6511883 89471
97000 8800884 328236 6568757 90257
98000 8877132 331050 6625621 91039
99000 8953746 333839 6682758 91823
100000 9031122 336663 6740391 92615
101000 9107753 339471 6797763 93400
102000 9185295 342310 6855726 94198
103000 9261502 345105 6912719 94977
104000 9338552 347922 6970153 95768
105000 9415948 350741 7027961 96557
106000 9493888 353578 7085993 97355
107000 9570134 356425 7143086 98142
108000 9647359 359242 7200546 98927
109000 9725175 362084 7258645 99724
110000 9802768 364933 7316670 100519
111000 9879579 367755 7374188 101316
112000 9957006 370634 7432000 102107
113000 10034742 373488 7489917 102903
114000 10112193 376369 7547977 103700
115000 10189997 379255 7606395 104521
116000 10267120 382139 7663660 105308
117000 10344822 385049 7721773 106101
118000 10422099 387960 7779770 106900
119000 10499881 390863 7837729 107692
120000 10577431 393779 7895811 108493
121000 10654971 396708 7953883 109293
122000 10732512 399609 8012298 110095
123000 10810193 402527 8070459 110894
124000 10887610 405409 8128533 111698
125000 10965186 408288 8186568 112497
126000 11042756 411194 8244655 113299
127000 11119748 414079 8302312 114097
128000 11196429 416928 8359308 114887
129000 11272564 419795 8416173 115669
130000 11348630 422612 8473047 116460
131000 11424672 425426 8529774 117242
132000 11502317 428277 8588071 118031
133000 11578417 431097 8644835 118820
134000 11654584 433931 8701575 119603
135000 11730698 436769 8758296 120385
136000 11806879 439581 8815204 121174
137000 11883367 442417 8872162 121960
138000 11959394 445276 8928843 122749
139000 12035581 448117 8985587 123537
140000 12111705 450960 9042431 124319
141000 12188173 453787 9099216 125101
142000 12264482 456576 9156103 125886
143000 12340627 459462 9212885 126670
144000 12416674 462257 9269553 127459
145000 12492753 465118 9326326 128238
146000 12569138 467965 9383065 129022
147000 12645317 470800 9439727 129803
148000 12721404 473602 9496387 130589
149000 12797486 476437 9553181 131374
150000 12873769 479308 9610369 132158
151000 12949808 482140 9667633 132943
152000 13025885 484977 9724348 133728
153000 13102015 487838 9781046 134510
154000 13178485 490683 9837729 135292
155000 13254496 493531 9894417 136075
156000 13330631 496345 9951119 136869
157000 13406810 499220 10008163 137669
158000 13482860 502089 10064999 138454
159000 13558959 504937 10121787 139242
160000 13635058 507810 10178664 140031
161000 13711163 510663 10235578 140819
162000 13787262 513509 10292631 141612
163000 13863454 516349 10349741 142397
164000 13939549 519190 10406570 143187
165000 14015914 522029 10463341 143972
166000 14091986 524870 10520154 144758
167000 14167999 527690 10576932 145543
168000 14244418 530540 10633730 146326
169000 14320499 533401 10690486 147108
170000 14398532 537165 10748652 147910
171000 14474801 539999 10805489 148692
172000 14550800 542813 10862290 149483
173000 14626835 545705 10919053 150271
174000 14702899 548533 10975840 151057
175000 14779059 551396 11032662 151843
176000 14855153 554239 11089356 152625
177000 14931649 557091 11146198 153406
178000 15007729 559915 11203077 154193
179000 15083953 562779 11259871 154978
180000 15160371 565636 11317034 155762
181000 15236987 568483 11373991 156543
182000 15313089 571322 11430903 157326
183000 15389261 574170 11487733 158118
184000 15465389 577023 11544769 158901
185000 15541729 579844 11601569 159680
186000 15617749 582713 11658396 160463
187000 15693841 585514 11715138 161248
188000 15770066 588362 11771938 162028
189000 15846110 591197 11828835 162824
190000 15922353 594031 11885637 163609
191000 15998360 596855 11942600 164396
192000 16074356 599709 11999519 165181
193000 16150815 602623 12056279 165964
194000 16227178 605471 12113173 166749
195000 16303459 608319 12170159 167538
196000 16379693 611150 12227102 168319
197000 16455881 614013 12283875 169099
198000 16532139 616852 12340795 169884
199000 16608247 619683 12397980 170674
200000 16686136 622516 12456208 171453
201000 16762089 625303 12513080 172241
202000 16838254 628142 12569831 173030
203000 16914633 630995 12626592 173813
204000 16990684 633840 12683439 174592
205000 17066679 636686 12740242 175378
206000 17142969 639549 12796959 176160
207000 17218930 642394 12853727 176948
208000 17294889 645252 12910445 177735
209000 17370972 648081 12967255 178519
210000 17446932 650912 13024165 179305
211000 17522973 653742 13080894 180086
212000 17598983 656582 13137744 180868
213000 17675595 659397 13194615 181660
214000 17751741 662361 13251506 182447
215000 17828638 665246 13308866 183229
216000 17906193 668172 13366710 184029
217000 17983486 671074 13424553 184824
218000 18061098 673981 13483190 185623
219000 18138728 676864 13541015 186425
220000 18216340 679835 13599025 187224
221000 18294305 682736 13657504 188025
222000 18372158 685577 13715313 188823
223000 18449863 688423 13773190 189619
224000 18527543 691279 13831053 190422
225000 18605454 694136 13888900 191224
226000 18682647 696983 13946275 192021
227000 18759002 699782 14003111 192814
228000 18835293 702585 14060115 193596
229000 18911678 705397 14116962 194381
230000 18987823 708260 14173840 195167
231000 19064060 711105 14230617 195956
232000 19140095 713961 14287278 196746
233000 19216111 716828 14344069 197529
234000 19292245 719691 14400967 198316
235000 19368854 722511 14457817 199108
236000 19446280 725332 14515252 199901
237000 19523956 728167 14572876 200696
238000 19601596 730992 14630336 201496
239000 19679286 733829 14688114 202296
240000 19756183 736655 14745352 203091
241000 19832353 739461 14802146 203871
242000 19908826 742261 14858854 204659
243000 19985463 745085 14915808 205447
244000 20061925 747947 14972780 206235
245000 20138454 750772 15029857 207024
246000 20215757 753674 15087229 207817
247000 20293699 756544 15145221 208619
248000 20371174 759426 15202846 209417
249000 20449079 762309 15260618 210208
250000 20526722 765195 15318382 211005
