Size BST-Insert BST-Find AVL-Insert ABL-Find
100 76446 2796 56745 808
200 152550 5575 113195 1602
300 228506 8367 169603 2394
400 304665 11167 226283 3197
500 380940 13937 282922 4000
600 457145 16727 339664 4805
700 533219 19532 396554 5600
800 609249 22335 452872 6396
900 685341 25129 509339 7188
1000 761312 27910 565660 7982
1500 837399 30675 622229 8783
2000 913545 33451 678686 9577
2500 989545 36221 735250 10369
3000 1065643 38987 791778 11164
3500 1142211 41749 848295 11966
4000 1218321 44516 904780 12759
4500 1294313 47279 961315 13556
5000 1370416 50051 1017724 14349
5500 1446845 52817 1074120 15143
6000 1522912 55589 1130660 15935
6500 1598947 58353 1187159 16727
7000 1675001 61126 1243734 17520
7500 1751060 63900 1300190 18312
8000 1827468 66672 1356685 19104
8500 1903656 69458 1413214 19898
9000 1979712 72243 1469867 20692
9500 2055770 75023 1526325 21483
10000 2132191 77797 1582759 22274
11000 2208179 80581 1639123 23065
12000 2284293 83378 1695643 23858
13000 2363300 86275 1754164 24673
14000 2442114 89140 1812830 25505
15000 2518250 91912 1869226 26308
16000 2594238 94687 1925626 27099
17000 2670308 97454 1981976 27900
18000 2746386 100216 2038521 28759
19000 2822528 102976 2094891 29555
20000 2899074 105752 2151369 30350
21000 2975448 108521 2207970 31153
22000 3051444 111306 2264906 31985
23000 3127309 114115 2321832 32779
24000 3203140 116913 2378674 33573
25000 3279022 119709 2435305 34373
26000 3354929 122522 2491955 35163
27000 3430809 125304 2548507 35961
28000 3506709 128135 2605349 36757
29000 3582525 130937 2661815 37552
30000 3658562 133718 2718375 38346
31000 3734594 136481 2774997 39143
32000 3810878 139263 2831666 39933
33000 3886752 142046 2888067 40729
34000 3962594 144857 2944533 41518
35000 4038818 147649 3001242 42315
36000 4114684 150437 3057638 43111
37000 4190522 153243 3114145 43905
38000 4266427 156028 3170640 44701
39000 4342262 158868 3227125 45492
40000 4418098 161680 3283713 46289
41000 4494609 164484 3340537 47090
42000 4570559 167267 3397273 47894
43000 4646735 170045 3454007 48698
44000 4722566 172834 3510556 49492
45000 4798644 175615 3567248 50300
46000 4874611 178416 3623856 51099
47000 4950714 181207 3680637 51895
48000 5026713 183988 3737241 52699
49000 5102763 186795 3793811 53494
50000 5178691 189600 3850550 54288
51000 5254927 192402 3906841 55077
52000 5330853 195187 3963307 55876
53000 5406692 197987 4019589 56668
54000 5482792 200897 4076248 57465
55000 5558757 203690 4132952 58260
56000 5634656 206463 4189594 59075
57000 5710475 209244 4245959 59871
58000 5786365 212038 4302386 60668
59000 5864343 214842 4360129 61462
60000 5940329 217623 4416536 62256
61000 6016408 220389 4473071 63053
62000 6092403 223160 4529474 63847
63000 6168242 225955 4586037 64649
64000 6244185 228740 4642514 65447
65000 6320375 231528 4698919 66247
66000 6396319 234304 4755518 67042
67000 6472128 237095 4811902 67839
68000 6547862 239875 4868210 68640
69000 6623714 242657 4924727 69437
70000 6699557 245436 4981173 70239
71000 6775395 248224 5037649 71034
72000 6851167 251006 5094127 71831
73000 6927442 253797 5150524 72636
74000 7004252 256600 5207398 73445
75000 7080221 259423 5264061 74240
76000 7156165 262225 5320548 75035
77000 7232487 265002 5377435 75832
78000 7308405 267826 5433834 76633
79000 7384291 270637 5490377 77425
80000 7460331 273427 5546706 78213
81000 7536905 276197 5603236 79009
82000 7613018 278989 5659614 79799
83000 7689165 281770 5716162 80592
84000 7765244 284542 5772640 81392
85000 7841064 287352 5828996 82185
86000 7917066 290166 5885447 82975
87000 7993342 292982 5942211 83772
88000 8069360 295769 5998715 84565
89000 8145459 298575 6055159 85360
90000 8221742 301381 6111791 86158
91000 8297755 304191 6168415 86958
92000 8373709 306991 6225022 87754
93000 8449614 309806 6281619 88549
94000 8525652 312612 6338450 89357
95000 8601579 315396 6395098 90154
96000 8677643 318206 6451617 90948
97000 8753478 320989 6508112 91745
98000 8829418 323799 6564549 92545
99000 8905454 326813 6621050 93341
100000 8981339 329608 6677462 94138
101000 9057227 332431 6733958 94932
102000 9133092 335248 6790470 95725
103000 9209239 338060 6846925 96522
104000 9285547 340867 6903325 97319
105000 9361655 343692 6959804 98112
106000 9437779 346479 7016297 98908
107000 9513604 349280 7072657 99702
108000 9589829 352076 7129326 100502
109000 9666115 354874 7186058 101301
110000 9741972 357660 7242735 102091
111000 9817884 360488 7299283 102888
112000 9893831 363308 7355644 103679
113000 9970292 366094 7412171 104467
114000 10046269 368865 7468517 105265
115000 10123019 371656 7525281 106062
116000 10199129 374437 7581828 106857
117000 10275135 377236 7638266 107644
118000 10351176 380028 7694566 108437
119000 10427285 382833 7751057 109230
120000 10503295 385632 7807510 110024
121000 10579329 388410 7863999 110818
122000 10655609 391224 7920508 111611
123000 10731516 394014 7977126 112411
124000 10807501 396806 8033673 113203
125000 10883526 399606 8090346 114006
126000 10959456 402391 8146963 114805
127000 11036629 405208 8204407 115600
128000 11112456 407997 8260846 116389
129000 11188368 410807 8317224 117180
130000 11264279 413586 8373606 117978
131000 11340049 416374 8429998 118772
132000 11416747 419188 8486921 119570
133000 11493036 421996 8543756 120375
134000 11568899 424793 8600365 121176
135000 11644781 427590 8656917 121974
136000 11720629 430368 8713523 122770
137000 11796651 433153 8770290 123571
138000 11872559 435949 8826959 124368
139000 11948506 438767 8883483 125168
140000 12024351 441567 8940048 125963
141000 12100113 444365 8996730 126771
142000 12176184 447142 9053394 127569
143000 12252031 449952 9110072 128368
144000 12327897 452781 9167128 129168
145000 12403837 455558 9223772 129962
146000 12480008 458334 9280390 130753
147000 12556070 461101 9337214 131551
148000 12632245 463868 9394230 132351
149000 12708604 466745 9451583 133140
150000 12784930 469515 9508441 133932
151000 12861056 472282 9565150 134726
152000 12937094 475067 9622008 135518
153000 13013211 477858 9678723 136308
154000 13089332 480624 9735408 137102
155000 13165510 483391 9791961 137896
156000 13241728 486151 9848708 138694
157000 13318269 488917 9905429 139492
158000 13394480 491752 9962323 140290
159000 13470637 494548 10018809 141090
160000 13546647 497333 10075437 141936
161000 13623009 500113 10132220 142735
162000 13699233 502875 10188770 143540
163000 13775271 505638 10245458 144338
164000 13851470 508402 10302051 145136
165000 13927608 511181 10358787 145932
166000 14003703 514010 10415370 146731
167000 14079750 516786 10472088 147528
168000 14156460 519560 10528912 148440
169000 14233604 522417 10586430 149246
170000 14310015 525179 10643083 150042
171000 14386526 527957 10699965 150841
172000 14462738 530876 10756828 151640
173000 14540134 533699 10814291 152446
174000 14616285 536472 10870917 153249
175000 14692726 539265 10927526 154038
176000 14769524 542139 10984620 154830
177000 14845654 544904 11041316 155624
178000 14923397 547718 11099121 156435
179000 15000243 550517 11156148 157236
180000 15076477 553294 11212789 158029
181000 15152662 556077 11269615 158826
182000 15229534 558881 11326888 159639
183000 15307288 561715 11384748 160451
184000 15384214 564525 11442344 161252
185000 15460907 567332 11499541 162056
186000 15538352 570150 11557241 162859
187000 15614868 572947 11614227 163653
188000 15691797 575752 11671438 164453
189000 15768284 578534 11728194 165245
190000 15844832 581327 11785246 166040
191000 15921263 584113 11842686 166843
192000 15997529 586886 11899566 167637
193000 16073740 589685 11956297 168439
194000 16149700 592468 12012906 169244
195000 16225543 595257 12069349 170040
196000 16301984 598311 12128335 170838
197000 16378250 601072 12184802 171636
198000 16454414 603853 12241307 172432
199000 16530403 606631 12297860 173225
200000 16606500 609397 12354430 174018
201000 16685320 612292 12414575 174852
202000 16761136 615099 12471008 175650
203000 16837213 617929 12527399 176443
204000 16913344 620703 12583756 177244
205000 16989286 623479 12640087 178040
206000 17065264 626276 12696370 178830
207000 17141121 629076 12752716 179618
208000 17217108 631869 12809230 180411
209000 17293242 634679 12865701 181207
210000 17369530 637475 12922506 181997
211000 17445884 640271 12978959 182774
212000 17522061 643069 13035637 183565
213000 17598208 645851 13091907 184369
214000 17674202 648650 13148371 185159
215000 17750083 651439 13204897 185957
216000 17825969 654225 13261308 186750
217000 17901880 657030 13317747 187540
218000 17977733 659837 13374221 188334
219000 18053791 662632 13430648 189126
220000 18129924 665428 13487152 189919
221000 18206291 668221 13543650 190719
222000 18282874 671045 13600190 191511
223000 18360404 673892 13657948 192318
224000 18436863 676669 13714887 193117
225000 18513056 679469 13771374 193915
226000 18589124 682241 13828520 194705
227000 18665247 685036 13884873 195473
228000 18741454 687825 13941951 196247
229000 18817654 690607 13998401 197016
230000 18893845 693404 14054898 197789
231000 18969932 696179 14111414 198587
232000 19048194 699042 14169224 199391
233000 19128251 701964 14228373 200220
234000 19204724 704803 14285633 201041
235000 19280528 707581 14341958 201839
236000 19356378 710367 14398290 202635
237000 19432300 713179 14454779 203432
238000 19508119 715976 14511053 204230
239000 19583986 718771 14567565 205026
240000 19659826 721556 14623937 205822
241000 19735751 724349 14680592 206613
242000 19811783 727130 14737036 207407
243000 19889748 729976 14794768 208219
244000 19966020 732783 14851534 208999
245000 20042205 735580 14908238 209785
246000 20118493 738357 14964760 210576
247000 20194621 741134 15021415 211370
248000 20270915 743920 15078433 212156
249000 20347001 746676 15134945 212954
250000 20423354 749455 15191466 213752
